0 0.00000 0.83147 0.55557
6 0.16221 0.81549 0.55557
17 0.31819 0.76818 0.55557
28 0.46194 0.69134 0.55557
39 0.58794 0.58794 0.55557
50 0.69134 0.46194 0.55557
61 0.76818 0.31819 0.55557
72 0.81549 0.16221 0.55557
83 0.83147 -0.00000 0.55557
94 0.81549 -0.16221 0.55557
105 0.76818 -0.31819 0.55557
116 0.69134 -0.46194 0.55557
127 0.58794 -0.58794 0.55557
138 0.46194 -0.69134 0.55557
150 0.31819 -0.76818 0.55557
161 0.16221 -0.81549 0.55557
172 -0.00000 -0.83147 0.55557
183 -0.16221 -0.81549 0.55557
194 -0.31819 -0.76818 0.55557
205 -0.46194 -0.69134 0.55557
216 -0.58794 -0.58794 0.55557
227 -0.69134 -0.46194 0.55557
238 -0.76818 -0.31819 0.55557
249 -0.81549 -0.16221 0.55557
260 -0.83147 -0.00000 0.55557
271 -0.81549 0.16221 0.55557
282 -0.76818 0.31819 0.55557
293 -0.69134 0.46194 0.55557
304 -0.58794 0.58794 0.55557
315 -0.46194 0.69134 0.55557
326 -0.31819 0.76818 0.55557
337 -0.16221 0.81549 0.55557
