0 0.00000 1.00000 0.00000
3 0.19509 0.98079 0.00000
11 0.38268 0.92388 0.00000
19 0.55557 0.83147 0.00000
27 0.70711 0.70711 0.00000
35 0.83147 0.55557 0.00000
43 0.92388 0.38268 0.00000
51 0.98079 0.19509 0.00000
59 1.00000 -0.00000 0.00000
67 0.98079 -0.19509 0.00000
75 0.92388 -0.38268 0.00000
83 0.83147 -0.55557 0.00000
91 0.70711 -0.70711 0.00000
99 0.55557 -0.83147 0.00000
108 0.38268 -0.92388 0.00000
116 0.19509 -0.98079 0.00000
124 -0.00000 -1.00000 0.00000
132 -0.19509 -0.98079 0.00000
140 -0.38268 -0.92388 0.00000
148 -0.55557 -0.83147 0.00000
156 -0.70711 -0.70711 0.00000
164 -0.83147 -0.55557 0.00000
172 -0.92388 -0.38268 0.00000
180 -0.98079 -0.19509 0.00000
188 -1.00000 -0.00000 0.00000
196 -0.98079 0.19509 0.00000
204 -0.92388 0.38268 0.00000
212 -0.83147 0.55557 0.00000
220 -0.70711 0.70711 0.00000
228 -0.55557 0.83147 0.00000
236 -0.38268 0.92388 0.00000
244 -0.19509 0.98078 0.00000
