0 0.00000 0.98079 0.19509
4 0.19134 0.96194 0.19509
13 0.37533 0.90613 0.19509
22 0.54490 0.81549 0.19509
31 0.69352 0.69352 0.19509
40 0.81549 0.54489 0.19509
49 0.90613 0.37533 0.19509
58 0.96194 0.19134 0.19509
67 0.98079 -0.00000 0.19509
76 0.96194 -0.19134 0.19509
85 0.90613 -0.37533 0.19509
94 0.81549 -0.54490 0.19509
103 0.69352 -0.69352 0.19509
112 0.54489 -0.81549 0.19509
122 0.37533 -0.90613 0.19509
131 0.19134 -0.96194 0.19509
140 -0.00000 -0.98079 0.19509
149 -0.19134 -0.96194 0.19509
158 -0.37533 -0.90613 0.19509
167 -0.54490 -0.81549 0.19509
176 -0.69352 -0.69352 0.19509
185 -0.81549 -0.54490 0.19509
194 -0.90613 -0.37533 0.19509
203 -0.96194 -0.19134 0.19509
212 -0.98078 -0.00000 0.19509
221 -0.96194 0.19134 0.19509
230 -0.90613 0.37533 0.19509
239 -0.81549 0.54489 0.19509
248 -0.69352 0.69352 0.19509
257 -0.54489 0.81549 0.19509
266 -0.37533 0.90613 0.19509
275 -0.19134 0.96194 0.19509
