0 0.00000 0.70711 0.70711
7 0.13795 0.69352 0.70711
19 0.27060 0.65328 0.70711
31 0.39285 0.58794 0.70711
43 0.50000 0.50000 0.70711
55 0.58794 0.39285 0.70711
67 0.65328 0.27060 0.70711
79 0.69352 0.13795 0.70711
91 0.70711 -0.00000 0.70711
103 0.69352 -0.13795 0.70711
115 0.65328 -0.27060 0.70711
127 0.58794 -0.39285 0.70711
139 0.50000 -0.50000 0.70711
151 0.39285 -0.58794 0.70711
164 0.27060 -0.65328 0.70711
176 0.13795 -0.69352 0.70711
188 -0.00000 -0.70711 0.70711
200 -0.13795 -0.69352 0.70711
212 -0.27060 -0.65328 0.70711
224 -0.39285 -0.58794 0.70711
236 -0.50000 -0.50000 0.70711
248 -0.58794 -0.39285 0.70711
260 -0.65328 -0.27060 0.70711
272 -0.69352 -0.13795 0.70711
284 -0.70711 -0.00000 0.70711
296 -0.69352 0.13795 0.70711
308 -0.65328 0.27060 0.70711
320 -0.58794 0.39285 0.70711
332 -0.50000 0.50000 0.70711
344 -0.39285 0.58794 0.70711
356 -0.27060 0.65328 0.70711
368 -0.13795 0.69352 0.70711
