0 0.00000 0.92388 0.38268
5 0.18024 0.90613 0.38268
15 0.35355 0.85355 0.38268
25 0.51328 0.76818 0.38268
35 0.65328 0.65328 0.38268
45 0.76818 0.51328 0.38268
55 0.85355 0.35355 0.38268
65 0.90613 0.18024 0.38268
75 0.92388 -0.00000 0.38268
85 0.90613 -0.18024 0.38268
95 0.85355 -0.35355 0.38268
105 0.76818 -0.51328 0.38268
115 0.65328 -0.65328 0.38268
125 0.51328 -0.76818 0.38268
136 0.35355 -0.85355 0.38268
146 0.18024 -0.90613 0.38268
156 0.00000 -0.92388 0.38268
166 -0.18024 -0.90613 0.38268
176 -0.35355 -0.85355 0.38268
186 -0.51328 -0.76818 0.38268
196 -0.65328 -0.65328 0.38268
206 -0.76818 -0.51328 0.38268
216 -0.85355 -0.35355 0.38268
226 -0.90613 -0.18024 0.38268
236 -0.92388 -0.00000 0.38268
246 -0.90613 0.18024 0.38268
256 -0.85355 0.35355 0.38268
266 -0.76818 0.51328 0.38268
276 -0.65328 0.65328 0.38268
286 -0.51328 0.76818 0.38268
296 -0.35355 0.85355 0.38268
306 -0.18024 0.90613 0.38268
